[Setup]
SpectroVer=4
SpectroBus=2
SpectroType=3
DataSampleFreq=30
ScansToAvg=1
PixSmoothing=1
TempComp=0
NumChans=1
SpectroMode=1
SpectroMsg=1
ZoomSPX=0
ZoomEPX=2050
MAXdsf=1000
XTrate=2
Tinterval=30
Installed=0
ClrChan1=16711680
ClrChan2=255
ClrChan3=16711935
ClrChan4=4
ClrChan5=5
ClrChan6=6
ClrChan7=7
ClrChan8=8
Persist=0
SavGol=0
AvgDrk=1
Dsf1=30
Dsf2=30
Dsf3=30
Dsf4=30
Dsf5=30
Dsf6=30
Dsf7=30
Dsf8=30
Muxenabled=0
Muxchans=0
Muxbase=0
Muxport=888
XTshift=1
mgs1=0
mgs2=0
mgs3=0
mgs4=0
mgs5=0
mgs6=0
mgs7=0
mgs8=0
mge1=0
mge2=0
mge3=0
mge4=0
mge5=0
mge6=0
mge7=0
mge8=0
DrvGap=15
DrvDir=2
R6Ovride=1
Mod32smoothing=0
Raman=0.0
RamAx=0.0
SIDlib=\Raman
Ys1=   0.0
Ys2=   0.0
Ys3=   0.0
Ys4=   0.0
Ys5=   0.0
Ys6=   0.0
Yb1=   0.0
Yb2=   0.0
Yb3=   0.0
Yb4=   0.0
Yb5=   0.0
Yb6=   0.0

[Address]
Unit1=1
Unit2=0
Unit3=0
Unit4=0
Unit5=0
Unit6=0
Unit7=0
Unit8=0
Unit0=0

[Cal]
c0a=0.347209233141
c0b=0.000040661321
c0c=190.820
c0d=-0.000000002375

c1a=0.347209233141
c1b=0.000040661321
c1c=190.820
c1d=-0.000000002375

csf=200
Csf1=200
Csf2=200
Csf3=200
Csf4=30
Csf5=30
Csf6=30
Csf7=30
Csf8=30
ap1=100.0
ap2=100.0
ap3=100.0
ap4=100.0
ap5=100.0
ap6=100.0
ap7=100.0
ap8=100.0
XTrate=2
ScansToAvg=10
PixSmoothing=1
TempComp=0
WattFluxCal=0
WattSRCal=0
UVLifter=1.000
Calname=

[UserConfig]
GPrompts=0
GPrompt1=
GPrompt2=
GPrompt3=
GPrompt4=
GPromptl1=
GPromptl2=
GPromptl3=
GPromptl4=
MGTitle1=
MGTitle2=
MGTitle3=
MGTitle4=
MGTitle5=
MGTitle6=
MGTitle7=
MGTitle8=

[Irrad]
mmole=0
lux=0
uwatt=1
Mypsds=400
Mypsde=700
ICFsm=0

[View]
Grid=0
Fatline=0
Gxor=0
Multigraph=0
[USB]
Chan1=\\?\usb#vid_0bd7&pid_a012#5&1a60d403&0&2#{69de480d-48c9-4ea7-bfaf-5684bda36582}
[Hotpix1]
Pix1=149
